160 240
10 0 83 1 19 0
11 0 82 1 10 2
12 0 81 1 11 2
64 2 80 1 12 2
13 0 10 1 22 0
14 0 11 1 13 2
68 2 12 1 14 2
15 0 13 1 24 0
71 2 14 1 15 2
73 2 15 1 25 0
0 0 4 1 1 2
1 0 5 1 2 2
2 0 6 1 3 2
4 0 7 1 5 2
5 0 8 1 6 2
7 0 9 1 8 2
26 0 99 1 35 0
27 0 98 1 26 2
28 0 97 1 27 2
0 2 96 1 28 2
29 0 26 1 38 0
30 0 27 1 29 2
4 2 28 1 30 2
31 0 29 1 40 0
7 2 30 1 31 2
9 2 31 1 41 0
16 0 20 1 17 2
17 0 21 1 18 2
18 0 22 1 19 2
20 0 23 1 21 2
21 0 24 1 22 2
23 0 25 1 24 2
42 0 115 1 51 0
43 0 114 1 42 2
44 0 113 1 43 2
16 2 112 1 44 2
45 0 42 1 54 0
46 0 43 1 45 2
20 2 44 1 46 2
47 0 45 1 56 0
23 2 46 1 47 2
25 2 47 1 57 0
32 0 36 1 33 2
33 0 37 1 34 2
34 0 38 1 35 2
36 0 39 1 37 2
37 0 40 1 38 2
39 0 41 1 40 2
58 0 131 1 67 0
59 0 130 1 58 2
60 0 129 1 59 2
32 2 128 1 60 2
61 0 58 1 70 0
62 0 59 1 61 2
36 2 60 1 62 2
63 0 61 1 72 0
39 2 62 1 63 2
41 2 63 1 73 0
48 0 52 1 49 2
49 0 53 1 50 2
50 0 54 1 51 2
52 0 55 1 53 2
53 0 56 1 54 2
55 0 57 1 56 2
74 0 147 1 3 0
75 0 146 1 74 2
76 0 145 1 75 2
48 2 144 1 76 2
77 0 74 1 6 0
78 0 75 1 77 2
52 2 76 1 78 2
79 0 77 1 8 0
55 2 78 1 79 2
57 2 79 1 9 0
64 0 68 1 65 2
65 0 69 1 66 2
66 0 70 1 67 2
68 0 71 1 69 2
69 0 72 1 70 2
71 0 73 1 72 2
90 0 3 1 147 0
91 0 2 1 90 2
92 0 1 1 91 2
96 2 0 1 92 2
93 0 90 1 150 0
94 0 91 1 93 2
100 2 92 1 94 2
95 0 93 1 152 0
103 2 94 1 95 2
105 2 95 1 153 0
80 0 84 1 81 2
81 0 85 1 82 2
82 0 86 1 83 2
84 0 87 1 85 2
85 0 88 1 86 2
87 0 89 1 88 2
106 0 19 1 83 0
107 0 18 1 106 2
108 0 17 1 107 2
112 2 16 1 108 2
109 0 106 1 86 0
110 0 107 1 109 2
116 2 108 1 110 2
111 0 109 1 88 0
119 2 110 1 111 2
121 2 111 1 89 0
96 0 100 1 97 2
97 0 101 1 98 2
98 0 102 1 99 2
100 0 103 1 101 2
101 0 104 1 102 2
103 0 105 1 104 2
122 0 35 1 99 0
123 0 34 1 122 2
124 0 33 1 123 2
128 2 32 1 124 2
125 0 122 1 102 0
126 0 123 1 125 2
132 2 124 1 126 2
127 0 125 1 104 0
135 2 126 1 127 2
137 2 127 1 105 0
112 0 116 1 113 2
113 0 117 1 114 2
114 0 118 1 115 2
116 0 119 1 117 2
117 0 120 1 118 2
119 0 121 1 120 2
138 0 51 1 115 0
139 0 50 1 138 2
140 0 49 1 139 2
144 2 48 1 140 2
141 0 138 1 118 0
142 0 139 1 141 2
148 2 140 1 142 2
143 0 141 1 120 0
151 2 142 1 143 2
153 2 143 1 121 0
128 0 132 1 129 2
129 0 133 1 130 2
130 0 134 1 131 2
132 0 135 1 133 2
133 0 136 1 134 2
135 0 137 1 136 2
154 0 67 1 131 0
155 0 66 1 154 2
156 0 65 1 155 2
80 2 64 1 156 2
157 0 154 1 134 0
158 0 155 1 157 2
84 2 156 1 158 2
159 0 157 1 136 0
87 2 158 1 159 2
89 2 159 1 137 0
144 0 148 1 145 2
145 0 149 1 146 2
146 0 150 1 147 2
148 0 151 1 149 2
149 0 152 1 150 2
151 0 153 1 152 2
01001000010 00000001001 00110100000
00000010001 01001001000 00000100100
00110000000 11000000001 01000000001
00000100110 00101000000 10100000100
00001000100 01000000010 00000101100
00000100001 00011001000 00000100100
00100001010 00101001000 00001000001
01100000010 01110000000 01001000001
00011000000 11001000000 10000000001
01001000100 00000110100 10000001001
01010000000 01010010000 00001000110
01000000011 00100001000 00100010010
00010000010 10000001000 10000000100
10000000100 11000100000 10100001000
10000001001 00100110000 00100010000
01000000100 00001000001 00100001001
00001001000 00000011000 00010000100
01010010000 10000100000 00100000100
10000000001 00000001010 00001100000
00101000000 00100000101 01101000000
10100000000 00001001000 00000001010
00000010100 01000000110 00110000000
01000101000 00010010010 00100100000
01100000000 01000010010 01011000000
00010001000 00000011000 01000001000
10000010000 00011000100 00010001000
00100000001 10000100100 01000010000
01010000001 00001000100 00000100001
00000010100 01100000010 00000101000
00010010001 01000100000 11000100000
00000000011 00000010010 01000100000
10100000010 10000100100 00001110000
01100100000 10010000010 00101000000
01000001000 00000010011 00000010011
01100010000 00001000100 10001001000
00000001110 00101000010 11000000000
00110000001 00010010000 00010010000
10001001000 10010000010 11000000100
00010001000 00000010100 00001001000
10010100000 00100001000 01000000100
00000100001 00010101000 01100000010
00011000000 10000010010 10000010010
00001110000 10010010000 01001010000
10000110000 00010001000 01001000000
00001001000 01000000011 00010010000
01100000000 00000101001 00000011010
00101100000 00101000000 01001000100
10010000100 01010000000 00000100010
00010010001 00001000001 00010000100
00000101100 00000101001 10000001100
00001010000 00000011000 01010100000
00000010011 00010000100 00010010000
10110000000 00000010101 00000100001
00110000001 10000010000 10010000001
10000000010 01000000010 00101000000
00100001000 11001000000 01000000101
00100010010 01000000110 00000010001
00110100000 00000010101 00000100010
00010000001 00101100000 00001100001
10001000100 00000000101 01000000010
00100010001 00000010001 01000000110
00000110001 00001010000 00011000000
00010000011 00010000001 00000101010
00100000101 00000001010 00010000100
00110100000 00010100000 01000000011
10100000100 00010000010 10010100000
00100100001 00101000100 00000110100
00010000101 10001000100 00000010100
01010000000 10101000000 00101000000
00000100010 00010100000 00010000010
01000100000 00100100001 00000100001
01100000010 01000000001 00110100000
01000100000 01000001001 00000001110
00000001010 11000001000 10000100000
10001100000 01000000110 00001001000
00000101010 00010010001 00010010000
00100000011 00000010100 00100100100
00100100000 01000100000 10000000100
00001010000 00101000000 01100100000
00000010010 11000000010 00000010011
00010110000 00001010010 00000100110
01000000001 00001001000 10100000010
01100000100 10001000000 00010010000
00001000001 00010010100 10001000000
10000000001 00000010110 00000000101
00000010001 01010001000 00011000000
00101100000 00010000001 00000010110
00010010000 10000000100 01000000101
11000000100 00000010100 00010000010
10000000100 01000010010 00000010001
01000000011 00001001100 00100001000
10001000010 00001001001 00000000110
00011000000 00110000100 00000110000
01001000001 10000000010 01000000001
01000000110 10010000000 10000000001
10001000000 01100000001 00001001010
00010001010 01010100000 00000001010
01000010100 10001000010 01010000100
00010011000 01010000000 11000100000
00100001000 10100000000 10000100000
00000001101 10001001000 10000001000
00001000010 00000101000 11001000000
00100000110 01101000000 00000011001
01000010010 00010001000 00000100010
00010000001 01000001000 00001100001
01100000000 00100001100 01000100010
00000011000 00010100000 01000000010
10001000010 10000000010 00000000110
00100100000 10000000010 10000100000
10000000001 10010100000 00010101000
00000100010 01001000000 10000001100
00001100100 11001000000 00000001100
00000010100 00001001010 00010000100
00000100100 01100100000 01101000000
00001001000 00000101100 11000000100
00000010110 00000000110 00010010001
01000010010 00100000001 00100010001
10000100000 10011000000 10010000010
10000000110 10000001000 01010100000
00000010101 00010100010 10001001000
00100000100 01000000101 00001101000
00000010011 00100000011 00000100010
10100000100 01010000000 00000100011
00001100000 10000001010 00100000010
11001000000 01000100000 11000000010
00100000010 10000100000 10000000001
00100000001 01010100000 01001000010
11001000000 10101000000 10000110000
00000001001 01000000110 01110000000
01010010000 00000110100 00100100100
01000010001 10001000000 00000101010
00100010010 00000000110 00100011000
01000000110 00000100011 00100000001
00011000000 01100000000 00100000101
01000000010 00000001110 01000010001
00000001011 10000000011 01010000000
00001001000 00000100011 01010000000
10001000100 01000001001 00000100001
00010010000 11000000010 00000011000
00000010101 00100010100 00100010000
10010000000 00100010001 01100000010
00000010011 10000010000 10000001010
10101000000 00000011000 00110010000
00000110000 00001001000 01001000100
01000000010 01000001000 00100000001
11010000000 01100000010 00000001010
00000010100 00100000011 10000000001
01110000000 10100000010 01000001001
00000110100 00000101000 10000010000
01100010000 00001000110 01001000001
00010001000 11000001000 11000000010
00000101001 00100000001 10000000100
00001001010 10000000001 00101000000
00000101010 00000001100 00100010000
00000101100 01001000010 10101000000
00010010000 10000010010 01000100010
00101100000 00010000011 01001000010
01010000001 00000100110 10001000000
00001010000 01100000010 10000001000
00000001010 01000010001 10010000001
160
0 1 2 3 4 5 6 7 8 9 10 11 12 13 14 15 16 17 18 19 20 21 22 23 24 25 26 27 28 29 30 31 32 33 34 35 36 37 38 39 40 41 42 43 44 45 46 47 48 49 50 51 52 53 54 55 56 57 58 59 60 61 62 63 64 65 66 67 68 69 70 71 72 73 74 75 76 77 78 79 80 81 82 83 84 85 86 87 88 89 90 91 92 93 94 95 96 97 98 99 100 101 102 103 104 105 106 107 108 109 110 111 112 113 114 115 116 117 118 119 120 121 122 123 124 125 126 127 128 129 130 131 132 133 134 135 136 137 138 139 140 141 142 143 144 145 146 147 148 149 150 151 152 153 154 155 156 157 158 159
18
