0
10
1
4
11
5
13
2
7
12
6
14
8
15
3
9
19
22
28
24
30
25
31
83
96
82
92
81
91
80
90
64
147
68
74
71
77
73
79
41
57
18
21
27
23
29
40
47
97
106
86
100
85
94
84
93
150
156
65
146
69
75
72
78
55
63
39
56
17
20
26
38
46
37
45
98
107
101
109
88
103
87
95
152
158
149
155
66
145
70
76
52
61
53
62
36
54
16
35
44
99
108
112
34
43
33
42
102
110
122
113
116
104
111
89
105
114
123
125
117
119
121
127
153
137
159
120
126
118
124
32
115
51
60
128
50
59
138
129
132
135
141
143
151
136
157
133
139
142
49
58
130
134
148
140
154
48
67
131
144
