133
139
129
130
138
128
132
141
135
140
131
134
142
136
143
137
144
148
154
145
151
157
149
155
146
153
159
152
158
150
156
147
48
67
49
58
50
59
51
60
32
115
42
33
36
54
43
34
37
45
39
44
35
16
26
17
20
38
46
27
18
21
29
23
40
47
28
19
0
10
1
4
22
30
11
2
5
13
7
24
31
12
3
64
80
6
14
8
15
9
25
41
52
53
61
62
56
55
63
57
73
65
74
68
66
75
76
70
69
77
71
78
72
79
81
90
84
82
91
83
92
96
85
93
87
86
94
88
95
89
97
106
100
98
107
99
108
112
101
109
103
102
110
104
111
105
121
113
122
116
114
123
124
118
117
125
119
126
120
127
