0
10
1
4
11
2
5
13
7
12
3
6
14
8
15
9
19
22
28
18
24
30
21
27
17
25
31
23
29
20
26
16
35
38
44
34
40
46
37
43
33
41
47
39
45
36
42
32
51
54
60
50
56
62
53
59
49
57
63
73
55
61
52
58
48
64
67
68
74
65
70
76
66
75
69
77
71
78
72
79
80
147
81
90
82
91
83
92
96
84
85
93
86
94
87
88
95
89
97
106
100
98
107
99
108
112
101
109
103
102
110
104
111
105
113
122
116
114
123
115
124
128
117
125
119
118
126
120
127
121
129
138
132
130
139
131
140
144
133
141
135
134
142
136
143
137
153
145
154
148
146
155
156
150
149
157
151
158
152
159
