# WHITE endpoints; tiles 1..160 HUMAN-VERIFIED, rest auto-extracted
# (11 bits per edge: bottom R->L, left L->T, right T->R; tile 1 first)
00000100000 00001000000 00100000010
00000000001 00000000000 00000100000
00000000000 00000100000 00100000000
10000000010 00000000000 00000000000
00000000000 00100000001 00100000010
00001000100 00000000000 00000100100
00010000000 00000001000 00000000000
00000000000 01000000100 00010000010

00000000000 00001001000 00000000000
00100000000 00000001000 00100000100
01000000100 00100010000 00000000000
00000000000 00000000100 00000100000
00000000000 00100000100 00000000000
00010000000 00000100000 00000000000
00010001000 00000100000 00000100000
00010000010 00000000000 00000000000

00000000100 00000000000 00000100000
00000100000 00000110000 00000100000
00100100000 01000001000 00010010000
00000100000 00000000000 00100000000
00000000100 01000000001 00100000000
00000000100 00000000000 10000000000
00001100000 00000000000 00000000000
00000000000 00000000100 00000000100

00000000000 01000001000 00010001000
00000000100 00100000000 00000000000
00010000100 00010001000 10000000100
01000000100 00100000000 00100000000
00000010000 00000100000 00000000000
00010001000 00000000000 00100000010
00000000000 00000001000 00010000000
00000000000 00000000000 00100001000

00000001100 00000000000 00010010000
00000000000 00001000000 01000000000
00010000000 11000000000 00000100000
00000001010 00001000000 00000000100
10000000000 01000000100 00000000100
00000010000 00000000000 00000001000
10000100001 00000001000 00100010000
00100001000 00000001100 00000000000

10000000000 00010000000 00001001000
00000000100 00000000000 00000000100
00000000000 01010000100 00001000000
00000000000 00000001000 00000000001
01000001000 00100010000 01001000000
00001000100 00000000000 00001000100
00001000000 00000001010 00010000000
00000100000 00001000000 01000001000

00010010000 00110000000 00100010000
00000000000 00000000000 00001010000
00000010010 01000000001 00001001000
01001000000 01100001000 00000000001
00110000000 00001000100 00000000000
01001000000 01010100001 00000000000
00000000000 10000101010 00100100000
00010010000 00000000011 00100000010

00000010000 00000000001 00100010000
01000000100 10000000000 00000100000
00000000000 10000010000 00010000010
11100000000 00000000000 10000100001
00010000000 00000000111 11000000000
00001000000 01010000000 00000001000
10000000000 00000010000 01000000100
00110000000 00100000010 00001000001

00100000010 10001010000 00000001000
00001000100 00010000010 00000000000
00001000000 00000100000 00000000011
00010000110 00010000000 00000000000
00100000000 10000000010 00000000001
00000100100 01010000000 00010000100
00000000001 00000010000 00100010000
00100000000 00010000000 00001010000

00100000000 00001000000 00001001000
00000000000 00000001000 00100001010
00001010001 00000010000 00000001100
00000010000 00001000100 00000010000
00000010000 10000000000 00000000000
00000010000 00000000000 00100000000
00000000010 00001000000 00000010010
00000000000 00000010010 00000000000

00000000010 00000010000 10000000001
00000000101 00001001000 10010000000
01000000010 01011000000 00000100000
00000100100 01000000000 00100000000
10000000000 00000000000 00000010000
00000000000 00100100000 00000001010
00000001001 00100100000 00000000000
00100000001 10000100000 01000010000

00000010000 00000000000 00000000100
00000000010 00000100000 01000000001
00100000001 00000000001 00000000001
00000000000 01011000000 00000000010
00000011000 10000000010 10000000010
00000010000 00010101000 00001000010
00000000000 10000000000 00100001001
00000000000 00100000100 00010000100

00000000000 01010000000 00000001100
00101000000 00100000001 01000000001
00000000001 10010000000 01000000000
00100000000 01000000010 00000000010
00001000000 00000000010 00000000000
00010000001 00000000000 00100001000
10001000000 00010001001 00000100000
00000001001 00000000001 00100000000

00010010000 01000100000 00110000000
00001010000 00000000000 10000100000
00000100100 00000000001 00010100010
01000010000 00000000000 00010010000
00000001100 01000000010 00010000010
00001000010 00100000010 01000010000
10000000000 00010000100 00001000000
00110000000 10000000100 01000001000

10000000000 00000010000 00001001000
00100100000 00000000011 10000000100
00000000000 10001000000 00000001100
00000001100 10100000000 01000000010
00010010000 11000000000 00000000000
00000000000 00001000010 00010000100
00010000010 00000100010 00000000000
00110000000 10000000000 00001000000

01000010000 00000000000 00000010001
10000000100 00000000100 00001000000
00000000001 00000011010 00000010100
00000100001 10010000000 00011000000
00000100010 00100001000 00100000100
00010000100 00001010000 00010000010
00100001000 10010000000 00000000000
01000001000 00000000100 00000000001

01000000000 00000000000 00100000000
01000001000 00000010000 00000000001
00001000000 10000000000 00000000000
10010000100 01000000000 00000010001
00000010100 11000000000 10000000001
00001000000 00001001001 00110000000
00100001000 00000000000 00000100100
00000000100 01000000100 00001000000

00100100000 00100000100 00001010000
00000100100 00000000100 01000000000
00100000000 01000110000 00000100001
00000000000 10010010000 10010001000
00000100010 00000010000 00000000100
00000100000 00000000001 00000000000
00000011010 00000100100 00000100000
00000000001 00001000010 01000000000

01011000000 10000000001 00000000001
00000000010 00001100010 01000000010
00000000000 00100100000 00000000000
10000000000 00001000000 00000000000
00000000000 10000000000 00100000000
10000001000 00000000000 00011000000
00000001001 10000000000 01000101000
00001001000 00000000011 00000000000

00000000000 00101000000 01000100000
10000000001 10000000000 00000010000
00000011000 00000001001 00000000000
00000000100 01000100000 00001000000
00000000000 00100000100 01000000010
00100000000 00000011010 00000000000
00010101000 00000100000 00001010000
00000000000 10000000000 00000010000

